12.500000000    1      25.000000000
37.500000000    2      25.000000000
62.500000000    3      25.000000000
87.500000000    4      25.000000000
112.50000000    5      25.000000000
137.50000000    6      25.000000000
162.50000000    7      25.000000000
187.50000000    8      25.000000000
212.50000000    9      25.000000000
237.50000000    10     25.000000000
262.50000000    11     25.000000000
287.50000000    12     25.000000000
312.50000000    13     25.000000000
337.50000000    14     25.000000000
362.50000000    15     25.000000000
387.50000000    16     25.000000000
412.50000000    17     25.000000000
437.50000000    18     25.000000000
462.50000000    19     25.000000000
487.50000000    20     25.000000000
512.50000000    21     25.000000000
537.50000000    22     25.000000000
562.50000000    23     25.000000000
587.50000000    24     25.000000000
612.50000000    25     25.000000000
637.50000000    26     25.000000000
662.50000000    27     25.000000000
687.50000000    28     25.000000000
712.50000000    29     25.000000000
737.50000000    30     25.000000000
762.50000000    31     25.000000000
787.50000000    32     25.000000000
812.50000000    33     25.000000000
837.50000000    34     25.000000000
862.50000000    35     25.000000000
887.50000000    36     25.000000000
912.50000000    37     25.000000000
937.50000000    38     25.000000000
962.50000000    39     25.000000000
987.50000000    40     25.000000000
1012.5000000    41     25.000000000
1037.5000000    42     25.000000000
1062.5000000    43     25.000000000
1087.5000000    44     25.000000000
1112.5000000    45     25.000000000
1137.5000000    46     25.000000000
1162.5000000    47     25.000000000
1187.5000000    48     25.000000000
1212.5000000    49     25.000000000
1237.5000000    50     25.000000000
1262.5000000    51     25.000000000
1287.5000000    52     25.000000000
1312.5000000    53     25.000000000
1337.5000000    54     25.000000000
1362.5000000    55     25.000000000
1387.5000000    56     25.000000000
1412.5000000    57     25.000000000
1437.5000000    58     25.000000000
1462.5000000    59     25.000000000
1487.5000000    60     25.000000000
1512.5000000    61     25.000000000
1537.5000000    62     25.000000000
1562.5000000    63     25.000000000
1587.5000000    64     25.000000000
1612.5000000    65     25.000000000
1637.5000000    66     25.000000000
1662.5000000    67     25.000000000
1687.5000000    68     25.000000000
1712.5000000    69     25.000000000
1737.5000000    70     25.000000000
1762.5000000    71     25.000000000
1787.5000000    72     25.000000000
1812.5000000    73     25.000000000
1837.5000000    74     25.000000000
1862.5000000    75     25.000000000
1887.5000000    76     25.000000000
1912.5000000    77     25.000000000
1937.5000000    78     25.000000000
1962.5000000    79     25.000000000
1987.5000000    80     25.000000000
2012.5000000    81     25.000000000
2037.5000000    82     25.000000000
2062.5000000    83     25.000000000
2087.5000000    84     25.000000000
2112.5000000    85     25.000000000
2137.5000000    86     25.000000000
2162.5000000    87     25.000000000
2187.5000000    88     25.000000000
2212.5000000    89     25.000000000
2237.5000000    90     25.000000000
2262.5000000    91     25.000000000
2287.5000000    92     25.000000000
2312.5000000    93     25.000000000
2337.5000000    94     25.000000000
2362.5000000    95     25.000000000
2387.5000000    96     25.000000000
2412.5000000    97     25.000000000
2437.5000000    98     25.000000000
2462.5000000    99     25.000000000
2487.5000000    100    25.000000000
2512.5000000    101    25.000000000
2537.5000000    102    25.000000000
2562.5000000    103    25.000000000
2587.5000000    104    25.000000000
2612.5000000    105    25.000000000
2637.5000000    106    25.000000000
2662.5000000    107    25.000000000
2687.5000000    108    25.000000000
2712.5000000    109    25.000000000
2737.5000000    110    25.000000000
2762.5000000    111    25.000000000
2787.5000000    112    25.000000000
2812.5000000    113    25.000000000
2837.5000000    114    25.000000000
2862.5000000    115    25.000000000
2887.5000000    116    25.000000000
2912.5000000    117    25.000000000
2937.5000000    118    25.000000000
2962.5000000    119    25.000000000
2987.5000000    120    25.000000000
3012.5000000    121    42.187420000
3071.8748400    122    59.959960000
3132.4199200    123    61.141740000
3194.1583200    124    62.346810000
3257.1135500    125    63.575640000
3321.3096000    126    64.828680000
3386.7709200    127    66.106420000
3453.5224400    128    67.409350000
3521.5896100    129    68.737950000
3590.9983400    130    70.092740000
3661.7750900    131    71.474230000
3733.9468100    132    72.882950000
3807.5409900    133    74.319440000
3882.5856800    134    75.784240000
3959.1094600    135    77.277900000
4037.1414900    136    78.801010000
4116.7114900    137    80.354140000
4197.8497700    138    81.937880000
4280.5872500    139    83.552830000
4364.9554400    140    85.199620000
4450.9864800    141    86.878860000
4538.7131600    142    88.591200000
4628.1688800    143    90.337280000
4719.3877200    144    92.117790000
4812.4044500    145    93.933380000
4907.2544800    146    95.784760000
5003.9739700    147    97.672630000
5102.5997400    148    99.597710000
5203.1693800    149    101.56073000
5305.7211900    150    103.56244000
5410.2942500    151    105.60360000
5516.9283900    152    107.68499000
5625.6642300    153    109.80741000
5736.5432000    154    111.97166000
5849.6075400    155    114.17856000
5964.9003200    156    116.42896000
6082.4654600    157    118.72372000
6202.3477500    158    121.06370000
6324.5928600    159    123.44980000
6449.2473600    160    125.88294000
6576.3587300    161    128.36402000
6705.9754100    162    130.89401000
6838.1467600    163    133.47387000
6972.9231500    164    136.10457000
7110.3559000    165    138.78712000
7250.4973900    166    141.52255000
7393.4009900    167    144.31188000
7539.1211500    168    147.15620000
7687.7133900    169    150.05657000
7839.2342900    170    153.01411000
7993.7416000    171    156.02994000
8151.2941700    172    159.10521000
8311.9520200    173    162.24109000
8475.7763500    174    165.43878000
8642.8295800    175    168.69949000
8813.1753400    176    172.02447000
8986.8785300    177    175.41499000
9164.0053200    178    178.87233000
9344.6231900    179    182.39781000
9528.8009400    180    185.99278000
9716.6087400    181    189.65860000
9908.1181500    182    193.39668000
10103.402100    183    197.20843000
10302.535000    184    201.09530000
10505.592710    185    205.05879000
10712.652580    186    209.10039000
10923.793490    187    213.22166000
11139.095890    188    217.42415000
11358.641780    189    221.70946000
11582.514820    190    226.07925000
11810.800270    191    230.53515000
12043.585120    192    235.07888000
12280.958040    193    239.71217000
12523.009460    194    244.43677000
12769.831580    195    249.25450000
13021.518450    196    254.16717000
13278.165930    197    259.17668000
13539.871800    198    264.28492000
13806.735770    199    269.49384000
14078.859490    200    274.80543000
14356.346620    201    280.22170000
14639.302890    202    285.74473000
14927.836080    203    291.37661000
15222.056110    204    297.11950000
15522.075070    205    302.97557000
15828.007250    206    308.94706000
16139.969190    207    315.03625000
16458.079750    208    321.24546000
16782.460110    209    327.57704000
17113.233830    210    334.03342000
17450.526940    211    340.61704000
17794.467920    212    347.33043000
18145.187800    213    354.17614000
18502.820190    214    361.15677000
18867.501340    215    368.27498000
19239.370160    216    375.53350000
19618.568330    217    382.93507000
20005.240300    218    390.48252000
20399.533380    219    398.17874000
20801.597770    220    406.02664000
21211.586650    221    414.02921000
21629.656200    222    422.18952000
22055.965690    223    430.51066000
22490.677520    224    438.99580000
22933.957290    225    447.64819000
23385.973890    226    456.47110000
23846.899500    227    465.46792000
24316.909720    228    474.64205000
24796.183600    229    483.99700000
25284.903730    230    493.53634000
25783.256280    231    503.26369000
26291.431110    232    513.18276000
26809.621800    233    523.29733000
27338.025760    234    533.61125000
27876.844300    235    544.12846000
28426.282680    236    554.85295000
28986.550200    237    565.78882000
29557.860320    238    576.94023000
30140.430660    239    588.31143000
30734.483170    240    599.90674000
31340.244150    241    611.73060000
31957.944370    242    623.78750000
32587.819150    243    636.08203000
33230.108430    244    648.61888000
33885.056910    245    661.40283000
34552.914090    246    674.43874000
35233.934400    247    687.73159000
35928.377270    248    701.28643000
36636.507250    249    715.10842000
37358.594110    250    729.20285000
38094.912940    251    743.57506000
38845.744240    252    758.23055000
39611.374030    253    773.17488000
40392.094000    254    788.41377000
41188.201560    255    803.95300000
42000.000000    256    811.79844000

